962411817714462731
962411817722847312
962411817727057940
962411817731227700
962411817743822920
962411817928372264
962411818012246056
962411818020659341
962411818075164682
962411818108731433
962411818201018440
962411818280701972
962411818377166988
962411818377175080
962411818381365268
962411818410729533
962411818502987826
962411818515591238
962411818645598228
962411818662363187
962411818691731526
962411818691751986
962411818712703076
962411818767237120
962411818855321730
962411818872111134
962411818884694036
962411818905641020
962411818930806845
962411820289785936
