952416610092740620
959809846323052654
959809846037856286
959809845878468708
959809845530349588
959809845517746206
959809845471629322
959809845320613899
959809845123489802
959809845085761576
959809844876038174
959809844758593557
959809844737617980
959809844423045181
959809844288831488
959809843949080626
959809843831644250
959809843454152724
959809843231858698
959809843106037811
959809843034742835
959809842648858625
959809842367844373
959809842225250444
959809842216857610
959809842149720084
959809841713512459
959809841340231771
959809841315061801
959809841176649739
959809841025663036
959809840593633280
959809840568492062
959809840501366854
959809840237146203
959809840115503124
959809840002261012
959809839834468352
959809839662506105
959809839624765530
959809838790115328
959809838500679750
959809838467153961
959809838462930945
959809838429388805
959809838072856576
959809838060302356
959809837850583130
959809837510840440
959809837271765044
959809836801994832
959809836734873634
959809836575510579
959809836428714015
959809836290310205
959809836227391608
959809836193824838
959809836189626478
959809835879235594
959809835313004584
959809835111702618
959809835023626263
959809834495123526
959809834344128613
959809834230906920
959809834134421605
959809834130243615
959809834117644388
959809833761140786
959809833379438594
959809833341693982
959809832972582912
959809832943230996
959809832389574726
959809832116973658
959809832116944928
959809832100200549
959809831781408848
959809831756263434
959809831663972364
959809831131312139
959809830871240764
959809830837710938
959809830816735232
959809830783156274
959809830741229618
959809830061756536
959809830011437106
959809829927538788
959809829692657765
959809829575221328
959809829491318874
959809829109637140
959809829109628928
959809829076099193
959809828342083584
959809828329517056
959809828103028807
959809828035919963
959809827972972554
959809827905863760
959809827855564801
959809827851345930
959809827427713034
959809826773422090
959809826756632599
959809826593050625
959809826555326514
959809826551132280
959809826211364894
959809826182008873
959809826110730270
959809825846464572
959809825758388254
959809825343164486
959809825309610045
959809825083117579
959809824500113518
959809824458178580
959809824437178398
959809824223273020
959809824143585281
959809823799668796
959809823258599475
959809823233421353
959809823208259635
959809822595883008
959809822562340875
959809822503612436
959809822478434324
959809822138724424
959809821685719080
959809821618622464
959809821601857577
959809821350178866
959809821207572501
959809821169836052
959809820695875644
959809820389691462
959809820322590770
959809820230303814
959809819823439972
959809819638906950
959809819529842708
959809819458547712
959809819433377793
959809819160772638
959809819072679956
959809818665828393
959809818237992991
959809817789227068
956993761890680874
953469498185367585
953029514320044055
952765388721111083
952680351598272595
952679986899349507
952678060321308685
952677315480019007
952676083864567839
952473557638742059
952467965771649056
952628154453868585
952679283682312255
952674878694244354
952446523759804447
952446522975473674
952695639421091840
953456174819328010
954318837929607220
952418586234863619
952478992458481694
954915160210931783
